""
                + "0,0,0,0,0,0,0,0,1,1,1,0,0,0,1,1,0,0;"
                + "0,0,0,0,0,0,0,0,0,1,1,1,0,0,1,1,0,0;"
                + "0,0,0,0,0,0,0,0,1,0,1,0,1,0,1,1,0,0;"
                + "0,0,0,0,0,0,0,0,0,0,1,1,1,0,1,1,0,0;"
                + "0,0,0,0,0,0,0,0,1,1,0,0,0,1,1,1,0,0;"
                + "0,0,0,0,0,0,0,0,0,1,0,1,0,1,1,1,0,0;"
                + "0,0,0,0,0,0,0,0,1,0,0,0,1,1,1,1,0,0;"
                + "0,0,0,0,0,0,0,0,0,0,0,1,1,1,1,1,0,0;"
                + "0,1,0,1,0,1,0,1,0,0,0,0,0,0,1,0,1,1;" // 8  (0)
                + "0,0,1,1,0,0,1,1,0,0,0,0,0,0,1,0,1,1;" // 9  (1)
                + "0,0,0,0,1,1,1,1,0,0,0,0,0,0,1,0,1,1;" // 10 (1)
                + "1,0,1,0,1,0,1,0,0,0,0,0,0,0,0,0,1,0;" // 11 (0)
                + "1,1,0,0,1,1,0,0,0,0,0,0,0,0,0,0,1,0;" // 12 (1)
                + "1,1,1,1,0,0,0,0,0,0,0,0,0,0,0,0,1,0;" // 13 (1)
                + "0,0,0,0,0,0,0,0,0,0,0,1,1,1,0,1,1,1;"
                + "0,0,0,0,0,0,0,0,1,1,1,1,1,1,0,0,0,0;"
                + "1,1,1,1,1,1,1,1,0,0,0,0,0,0,0,0,0,1;"
                + "1,1,1,1,1,1,1,1,0,0,0,1,1,1,0,0,0,0"